mtsp51.txt,baseline,distances,810.8557731213601,853.3766788278788,877.955514097471,873.4919583865285,788.7404897404449,829.2572848595396,874.9027069766723,872.7103540216818,895.8051471219336,819.4867011597053,877.7696595006545,824.9787455584585,894.2193411658277,820.4476686769042,818.3417461092777,837.7954232328202,884.3112384979139,874.617954822841,903.5059234985763,798.5598586272797,806.9980669014853,884.9620480574131,835.6139204359589,851.6324333176785,785.7691916794836,864.8549950989592,863.8362464146957,907.8135018314338,858.6789614584465,813.5107356555533
mtsp51.txt,baseline,time,11.9026531,11.805889400000002,11.868588699999997,11.931601400000005,12.140412499999996,11.951241199999998,12.089073600000006,12.6314493,11.895347200000003,11.927350400000009,11.771659699999987,11.768658200000004,11.712905400000011,11.9329788,11.8077002,12.028164400000009,11.950254799999982,11.892297900000017,11.742762400000004,11.8072229,12.04590749999997,11.91376710000003,11.82695080000002,11.689527499999997,11.71121800000003,11.651099400000021,11.750457900000015,11.727338599999996,11.649632900000029,11.809261100000015
mtsp51.txt,baseline,count,1934240,1933690,1931215,1934130,1933250,1932205,1932370,1932260,1932645,1933195,1934350,1931160,1931710,1929895,1933800,1932920,1933140,1932040,1929785,1934130,1930390,1931325,1930775,1932700,1933525,1931215,1934295,1932920,1933195,1929950
mtsp100.txt,baseline,distances,77670.41039744306,77686.15695499793,81711.96284926376,78846.32995246079,77129.68827106402,79698.50591995296,84890.88772691604,82942.84621105579,78146.19074263719,82985.9316289563,82454.31320787566,76035.99840506456,67062.8389543835,77609.84016866145,81887.7229419197,81358.6084154716,80937.1476902765,73332.02646894263,71407.91795910592,80651.62777583433,66968.99204248222,76901.77090543989,77866.1786272161,82483.98050240046,79825.38198516991,73965.11243796664,79812.36236926354,78730.6391643136,78606.63145564197,80070.90673003576
mtsp100.txt,baseline,time,26.438729000000023,26.71340269999996,26.55009819999998,26.81963639999998,26.636565800000028,26.46953579999996,26.635851499999944,27.38945650000005,27.18348249999997,26.177372600000012,26.132687900000064,26.94978649999996,26.6100993,26.430571699999973,26.584235600000056,26.588706800000068,26.78563870000005,26.8032015,26.547398300000054,26.57989759999998,26.42753700000003,26.398246900000004,26.462463800000023,26.590343600000097,26.721901600000024,26.504679299999907,26.69003749999979,26.26277899999991,27.95444569999995,28.312253199999986
mtsp100.txt,baseline,count,3650920,3652584,3651544,3650088,3650920,3654248,3655600,3652376,3649672,3652584,3655704,3651856,3653624,3656328,3654560,3652896,3653416,3650816,3654144,3654664,3650192,3658720,3657680,3653520,3654144,3651648,3653416,3649672,3650504,3654768
mtsp150.txt,baseline,distances,134842.245025909,125284.16714172742,138957.14574598387,122543.60391244058,124725.66205862882,133939.57616873772,131145.35658271675,132841.55244810425,128429.07316097853,132458.36937206073,128107.45875196991,138496.73316251472,139734.02765188043,132468.69506410568,127527.72696811862,139158.3966410495,130063.46823879897,133034.50925733987,130158.7656377327,125479.03112329793,130504.40866601506,129681.31003221088,130719.54631486096,130570.49317769553,126972.39622538995,124584.37802230226,129167.42785853022,126514.81093917243,121711.72750606964,130950.07846033375
mtsp150.txt,baseline,time,48.46492450000005,48.47515309999994,48.597796100000096,48.67901100000017,50.69139590000009,48.47975650000012,48.81636290000006,49.02875979999999,49.340211399999816,48.59838919999993,48.55127319999997,48.8940619,48.997539999999844,49.93298359999994,48.89565719999996,49.746686400000044,49.10221150000007,49.90252960000021,50.13254849999976,49.80745109999998,49.48615689999997,48.900200699999914,49.11722379999992,49.780504500000006,49.6482004999998,49.138046499999746,48.45248529999981,49.07402490000004,48.333404399999836,47.964966900000036
mtsp150.txt,baseline,count,5409404,5408326,5409558,5403860,5408480,5404784,5407094,5404476,5403398,5414640,5404322,5411714,5405092,5408634,5405862,5411868,5407094,5408788,5408942,5413870,5410790,5400010,5413716,5400318,5409096,5406786,5412330,5407094,5407710,5412792
pr76.txt,baseline,distances,311908.6534262533,317444.13761660916,327821.107261733,313519.10165662837,322804.5743160026,320644.350944645,329967.44090571644,305628.94872852054,321683.82804357284,297037.1837535291,326295.24463734636,318904.9578992767,297080.9074380167,306278.80194119783,303689.5628018045,306458.1274036432,309388.60466537013,324850.8085689015,322793.4408589252,326287.1718423766,294639.4849593991,330243.0189963726,337212.89141431433,315499.3817582731,327101.716586432,299699.82092927373,326700.6596046337,310920.8018851997,305480.8072596926,321095.4244054866
pr76.txt,baseline,time,18.36637679999967,18.222120699999778,18.00678259999995,18.148620800000117,18.357428900000286,18.608347800000047,18.68469479999976,18.774849399999766,18.72027960000014,18.14969820000033,18.247570400000313,18.223633300000074,18.610934299999826,18.635438099999647,18.588433100000202,18.942311900000277,18.334233900000072,18.48766599999999,18.49861520000013,18.52208550000023,18.63740349999989,18.5836575000003,18.495405499999833,18.118399599999975,18.3809825000003,18.3499268999999,18.52877639999997,18.408499699999993,18.363019400000212,18.51893420000033
pr76.txt,baseline,count,2808640,2809520,2809760,2811360,2808800,2809200,2810240,2808560,2807120,2809120,2815440,2810160,2809840,2811680,2805440,2808320,2809280,2808880,2808800,2812480,2810320,2810000,2812160,2811200,2815520,2810320,2806880,2810160,2808960,2810880
pr152.txt,baseline,distances,468129.25903623295,457764.3398783063,509125.0700685921,480652.05028969655,464112.60560962564,492070.7882879007,482249.74191324075,496572.5358431028,462728.5610042857,485958.970829807,489914.6481016229,472194.72534875764,477957.4770024166,467820.0590439445,445522.76728045085,484249.0483663113,431462.60993963893,482357.0899477068,460631.375908767,478821.9371486877,459870.9043509295,483079.26137517707,477934.90446559514,478630.13827301405,446769.61310640944,502685.9621580851,474140.2979400462,458747.94775708,455360.6774555302,475139.6107065402
pr152.txt,baseline,time,50.313041299999895,49.75920240000005,49.72794440000007,49.44089239999994,49.72004680000009,49.37806790000013,50.22331909999957,49.726668000000245,49.86125829999992,49.239871499999936,49.89982379999992,49.805207899999914,49.86475019999989,49.786444200000005,50.066079400000035,49.5217118999999,50.10891810000021,49.19251110000005,49.99167989999978,49.79587139999967,50.01953980000053,49.708522699999776,49.99698569999964,49.99214649999976,50.79033789999994,50.22019449999971,50.30224960000032,50.001742399999785,49.97434990000056,50.22541139999976
pr152.txt,baseline,count,5488860,5486988,5481840,5484648,5481372,5477940,5475444,5482620,5477628,5477628,5480592,5485272,5473260,5480280,5478408,5485740,5479656,5472168,5482464,5478252,5478564,5485116,5476068,5478408,5477004,5484492,5481216,5470920,5479968,5476692
pr226.txt,baseline,distances,801734.1932290343,802325.3439271121,749814.1905098637,866862.0551321794,808768.6477835099,815827.668266632,793561.2577487059,843622.4185971536,754753.1778420595,826934.4872619277,789022.4651634684,828039.24715536,813889.463261318,775039.4981094562,809560.1077881166,800585.817648703,772117.562701414,784079.419982186,817088.9203216184,771771.4686670713,826001.855788339,834512.5701826185,822698.6877440005,764797.5260812953,780956.6155014003,824830.0450472371,801417.697442502,763594.4248427848,836582.9282834319,766512.66209369
pr226.txt,baseline,time,98.10426999999981,97.20637549999992,97.83556149999913,97.70622710000043,97.17278350000015,98.16063659999963,99.4171437999994,99.86623140000029,98.95754739999938,96.09617539999999,97.1839445000005,96.25423159999991,97.29287469999963,96.97890310000003,96.4090356000006,96.59863999999925,96.93085369999972,96.73620169999958,96.57763749999958,96.73849860000064,96.48566419999952,96.34365539999999,97.04403589999947,97.94450779999988,97.09182379999947,96.27509659999942,104.73098260000006,98.24334809999982,98.00675740000042,99.09760499999993
pr226.txt,baseline,count,8087030,8075300,8070470,8073920,8070470,8081970,8083580,8083580,8069090,8080590,8074150,8074150,8082430,8072080,8073230,8081280,8075300,8083120,8075760,8087720,8076450,8087030,8078520,8080820,8087260,8076680,8075760,8073690,8070010,8072310
