
mtsp51.txt
baseline
[891.1857026659956, 862.1554377164889, 906.0923202991264, 901.6167927937462, 902.2626732269656, 871.9742529184562, 884.3951992349025, 929.0261828872826, 907.6422041311821, 868.064860283103, 921.4270071815843, 824.9787455584585, 894.2193411658277, 820.4476686769042, 861.2459502081628, 857.5756758517036, 884.3112384979139, 874.6936379614282, 904.7011130808752, 887.9966383601964, 846.7715988765199, 925.0682713790375, 953.9664386802394, 851.6324333176785, 810.6111131316263, 911.1780916647514, 863.8362464146957, 919.4835557039006, 858.6789614584465, 933.4808013752798]
[6.2759265, 6.2972256, 6.414603699999999, 6.218818899999999, 6.208447799999998, 6.217182399999999, 6.2818254999999965, 6.275686200000003, 6.190014300000001, 6.2262822, 6.347064700000004, 6.245749500000002, 6.126147700000004, 6.2356841, 6.1894578, 6.319591599999995, 6.1372535, 6.215449399999997, 6.0729769000000005, 6.098397599999998, 6.35803039999999, 6.308792699999998, 6.201622299999997, 6.286899799999986, 6.249524100000002, 6.241659699999985, 6.35435750000002, 6.141378700000018, 6.3312065000000075, 6.204333800000001]

mtsp100.txt
baseline
[80947.26142289357, 80881.82707082771, 82708.62438908638, 78846.32995246079, 77742.19677226245, 82044.61366322354, 87763.93247092905, 84983.0628636706, 78146.19074263719, 86229.86265943087, 84244.9327244795, 79594.29469122298, 67062.8389543835, 78683.6253706723, 82083.39756933015, 82466.75683694326, 82567.1149325372, 73332.02646894263, 80239.20118671346, 82891.18925914505, 84798.56689631319, 80622.9108234958, 77866.1786272161, 83042.5877464525, 79825.38198516991, 79454.41299599917, 83277.8055798786, 84943.17035464868, 86896.43973246314, 81488.28960496232]
[13.784871899999985, 14.041865699999988, 13.720100799999983, 13.935252999999989, 13.966067199999998, 14.72388460000002, 14.282091900000012, 13.998097200000018, 14.117890199999977, 14.086496599999975, 14.088229399999989, 14.1500762, 13.97673119999996, 14.211501099999964, 14.160861599999976, 13.911024999999995, 14.100190300000008, 14.303249199999982, 13.951421900000014, 14.185374000000024, 13.830463199999997, 13.536318199999982, 13.986972299999934, 13.788200699999948, 14.18698310000002, 14.624361700000009, 14.26119959999994, 14.077644299999974, 14.360439700000029, 14.12677599999995]

mtsp150.txt
baseline
[140502.157485016, 132995.82075256383, 138957.14574598387, 124910.80835239404, 135626.21189189405, 147592.08981638172, 142105.57605363152, 141338.32808783752, 132746.59386792307, 136389.96538762303, 136229.60109506059, 145557.82099430184, 139734.02765188043, 141231.21743156682, 127527.72696811862, 139158.3966410495, 130063.46823879897, 138350.2526766916, 133644.32418836703, 129620.61777350778, 130586.05195828328, 134838.00285341372, 130719.54631486096, 137496.5956046675, 126972.39622538995, 130251.84274579244, 140214.64175565552, 142542.99830718807, 141522.00849581978, 139306.24341834334]
[26.205651699999976, 26.092724399999952, 26.111509899999987, 26.071999700000106, 26.31031889999997, 26.209732799999983, 26.058460099999934, 26.168065999999953, 26.461917399999948, 26.176679199999967, 26.08748360000004, 26.356901600000015, 26.17367020000006, 26.45649149999997, 26.187543499999947, 26.47357529999988, 25.987335699999903, 26.205767899999955, 26.167924300000095, 26.566656599999988, 26.384763399999883, 26.912920900000017, 26.94044359999998, 26.42752040000005, 26.47060260000012, 26.691156999999976, 26.53983990000006, 26.567776200000026, 26.410868500000106, 26.668446700000004]

pr76.txt
baseline
[328104.81930920907, 325257.0184275072, 327821.107261733, 335608.6077418787, 326468.83716931293, 320644.350944645, 329967.44090571644, 319989.8043687265, 344557.84485936357, 330628.20223012724, 326295.24463734636, 318904.9578992767, 304569.2506862676, 314240.8666843344, 310888.0435201674, 306458.1274036432, 330318.8750422216, 338451.8837091322, 331691.2839239127, 326287.1718423766, 294639.4849593991, 339664.0108551591, 345943.9892941768, 322038.8871712899, 329625.3638821944, 326495.9474345968, 328776.861332081, 334203.96228687814, 331464.784210392, 321095.4244054866]
[10.577085800000077, 10.693373900000097, 10.32936830000017, 10.213251899999932, 10.094084800000019, 10.173573900000065, 10.35473490000004, 10.290041699999847, 10.094695000000002, 10.076514899999893, 10.008670400000028, 10.091625400000112, 10.33377560000008, 10.194245899999942, 10.24182420000011, 10.328244499999983, 10.0907287, 9.974181999999928, 10.037024800000154, 9.961667000000034, 10.294968400000016, 10.829552400000011, 10.239015699999982, 10.489534699999922, 10.15759990000015, 10.152805899999976, 10.061779399999978, 10.025864599999977, 9.998889499999905, 10.059439999999995]

pr152.txt
baseline
[510582.1264875845, 457764.3398783063, 513289.8725231534, 505095.2133398022, 464112.60560962564, 492070.7882879007, 488399.3960626393, 512208.13243824686, 482272.74381473765, 501089.04165861197, 509435.2180701426, 483545.51014049613, 477957.4770024166, 499344.2217949529, 527546.4422514287, 508692.27137251524, 431462.60993963893, 482357.0899477068, 490247.59627468337, 524851.8690408715, 468780.4871862081, 527939.5565672226, 508162.4358963162, 487793.4675382204, 446769.61310640944, 502685.9621580851, 519789.4809036839, 513971.6500045756, 529660.5052654311, 523427.6404047085]
[27.062975199999983, 26.708064400000012, 27.05536970000003, 27.180784899999935, 26.85661110000001, 27.291642199999842, 27.37346260000004, 27.864924200000132, 27.471732599999996, 26.65471619999994, 26.547242600000118, 27.020344900000055, 27.067900100000088, 26.650872700000036, 27.771946599999865, 26.240869799999928, 26.32324430000017, 26.19204979999995, 26.25924709999981, 26.269086799999968, 26.07195029999957, 26.40487320000011, 26.083625799999936, 26.233106900000166, 25.99636929999997, 25.95550920000005, 25.7033821, 25.663312799999858, 25.489084200000434, 25.74367230000007]

pr226.txt
baseline
[876068.034170909, 802325.3439271121, 850699.3778417413, 880095.3290175617, 834587.3785458893, 815827.668266632, 837146.7911983411, 851122.8337061942, 871107.4190930128, 854897.2108847429, 829539.5557010177, 831585.5478241043, 885842.3341530074, 804653.6048972704, 822776.147907397, 823600.9333918568, 848008.928233628, 817149.5377404798, 845603.8258346744, 828623.7665795628, 827851.8670392717, 839863.638157614, 842149.7597727922, 853366.342304903, 793530.2571588124, 827435.7122203691, 828415.3983999448, 800052.8974950796, 836582.9282834319, 816777.3628585337]
[53.64476819999982, 52.30803960000003, 52.32004640000014, 52.7290380999998, 52.071523999999954, 52.49887349999972, 53.609382000000096, 52.253039400000034, 51.969736099999864, 53.28361959999984, 54.498640299999806, 52.25701859999981, 54.26743069999975, 51.42536850000033, 52.02401910000026, 52.517291600000135, 52.72065029999976, 52.97370749999982, 52.94825489999994, 52.26618789999975, 52.34092240000018, 52.96187110000028, 52.90704740000001, 52.81326659999968, 52.763189799999964, 52.257110399999874, 52.329754200000025, 52.80991879999965, 52.56033329999991, 53.47743219999984]
