
mtsp51.txt
baseline
[891.1857026659956, 862.1554377164889, 906.0923202991264, 901.6167927937462, 902.2626732269656, 871.9742529184562, 884.3951992349025, 929.0261828872826, 907.6422041311821, 868.064860283103, 921.4270071815843, 824.9787455584585, 894.2193411658277, 820.4476686769042, 861.2459502081628, 857.5756758517036, 884.3112384979139, 874.6936379614282, 904.7011130808752, 887.9966383601964, 846.7715988765199, 925.0682713790375, 953.9664386802394, 851.6324333176785, 810.6111131316263, 911.1780916647514, 863.8362464146957, 919.4835557039006, 858.6789614584465, 933.4808013752798]
[6.3390659, 6.1314209, 6.292372700000001, 6.2072867999999985, 6.144384300000002, 6.2768786999999975, 6.2835064, 6.275802800000001, 6.241697100000003, 6.2352810000000005, 6.310646900000009, 6.2104089999999985, 6.250056700000002, 6.200604199999987, 6.190846800000003, 6.258719800000009, 6.165607399999999, 6.2438266000000056, 6.185286900000008, 6.2304499999999905, 6.1716849000000025, 6.204914599999995, 6.168155000000013, 6.225388699999996, 6.300175800000005, 6.229029800000006, 6.2763340999999855, 6.201717799999983, 6.213005200000026, 6.248432100000002]
[1017390, 1017775, 1016730, 1018490, 1017555, 1017005, 1017060, 1017775, 1017280, 1017445, 1017995, 1017170, 1017335, 1015355, 1017940, 1017995, 1016895, 1017115, 1016290, 1019150, 1015520, 1017445, 1016510, 1016565, 1017335, 1016290, 1018655, 1017830, 1018270, 1015630]

mtsp100.txt
baseline
[80947.26142289357, 80881.82707082771, 82708.62438908638, 78846.32995246079, 77742.19677226245, 82044.61366322354, 87763.93247092905, 84983.0628636706, 78146.19074263719, 86229.86265943087, 84244.9327244795, 79594.29469122298, 67062.8389543835, 78683.6253706723, 82083.39756933015, 82466.75683694326, 82567.1149325372, 73332.02646894263, 80239.20118671346, 82891.18925914505, 84798.56689631319, 80622.9108234958, 77866.1786272161, 83042.5877464525, 79825.38198516991, 79454.41299599917, 83277.8055798786, 84943.17035464868, 86896.43973246314, 81488.28960496232]
[13.807437100000016, 13.703169499999973, 13.721155799999991, 13.801807200000013, 13.797005999999982, 13.68883360000001, 13.7209565, 13.720898200000022, 14.029626899999982, 13.747495200000003, 13.85452909999998, 13.756538599999999, 13.791832699999986, 13.698510899999974, 13.704982500000028, 13.798495599999967, 13.762890099999993, 13.771299599999963, 13.743093299999998, 13.81764609999999, 13.706399500000032, 13.693323799999973, 13.902494900000022, 13.747770399999979, 13.783104200000025, 13.839029399999959, 13.723847099999944, 13.758642000000009, 13.898609699999952, 13.723233699999923]
[1920360, 1923584, 1923168, 1923480, 1922336, 1923480, 1924104, 1921296, 1920568, 1922648, 1923584, 1922856, 1922752, 1921816, 1923688, 1923272, 1921608, 1921504, 1923168, 1924208, 1922024, 1926184, 1923688, 1924416, 1924832, 1922232, 1922752, 1920672, 1921504, 1922440]

mtsp150.txt
baseline
[140502.157485016, 132995.82075256383, 138957.14574598387, 124910.80835239404, 135626.21189189405, 147592.08981638172, 142105.57605363152, 141338.32808783752, 132746.59386792307, 136389.96538762303, 136229.60109506059, 145557.82099430184, 139734.02765188043, 141231.21743156682, 127527.72696811862, 139158.3966410495, 130063.46823879897, 138350.2526766916, 133644.32418836703, 129620.61777350778, 130586.05195828328, 134838.00285341372, 130719.54631486096, 137496.5956046675, 126972.39622538995, 130251.84274579244, 140214.64175565552, 142542.99830718807, 141522.00849581978, 139306.24341834334]
[25.158452600000032, 25.07738070000005, 25.07128560000001, 25.161378499999955, 25.20266140000001, 25.184829900000068, 24.986044199999924, 24.90815680000003, 25.14101919999996, 25.077185599999893, 24.946220100000005, 25.198916899999972, 25.095893199999978, 25.026343399999973, 24.986099200000012, 25.01071950000005, 24.865301600000066, 25.19326850000016, 24.929577899999913, 24.987610099999984, 25.125521799999888, 25.157735699999876, 25.085225300000047, 25.24557240000013, 25.040728100000024, 24.999766099999988, 24.900634900000114, 25.15324069999997, 24.950203200000033, 25.215211599999975]
[2849154, 2843764, 2850540, 2841762, 2845304, 2845766, 2845920, 2843764, 2844842, 2848384, 2845612, 2849462, 2845150, 2846536, 2841300, 2846690, 2844534, 2848384, 2846074, 2849616, 2849924, 2841608, 2847922, 2843918, 2849000, 2846844, 2848384, 2844996, 2847460, 2847460]

pr76.txt
baseline
[328104.81930920907, 325257.0184275072, 327821.107261733, 335608.6077418787, 326468.83716931293, 320644.350944645, 329967.44090571644, 319989.8043687265, 344557.84485936357, 330628.20223012724, 326295.24463734636, 318904.9578992767, 304569.2506862676, 314240.8666843344, 310888.0435201674, 306458.1274036432, 330318.8750422216, 338451.8837091322, 331691.2839239127, 326287.1718423766, 294639.4849593991, 339664.0108551591, 345943.9892941768, 322038.8871712899, 329625.3638821944, 326495.9474345968, 328776.861332081, 334203.96228687814, 331464.784210392, 321095.4244054866]
[9.600750500000004, 9.673804300000029, 9.643846200000098, 9.596020499999895, 9.548525800000107, 9.693295799999987, 9.533546600000136, 9.541729499999974, 9.658187300000009, 9.52602939999997, 9.564771099999916, 9.505317800000057, 9.524877900000092, 9.699430699999994, 9.590321799999856, 9.598885399999972, 9.575263199999881, 9.730760200000077, 9.549351800000068, 9.56092990000002, 9.64124129999982, 9.724969600000122, 9.620879899999863, 9.748356400000148, 9.59500580000008, 9.613075700000081, 9.591233699999975, 9.582246899999973, 9.57064820000005, 9.475498600000037]
[1478800, 1477440, 1479520, 1481360, 1478000, 1479680, 1479360, 1475760, 1477040, 1477120, 1482160, 1478320, 1479840, 1480800, 1478720, 1478640, 1478720, 1478720, 1477200, 1480560, 1478880, 1479520, 1480000, 1479280, 1481760, 1479280, 1479120, 1478400, 1477040, 1478240]

pr152.txt
baseline
[510582.1264875845, 457764.3398783063, 513289.8725231534, 505095.2133398022, 464112.60560962564, 492070.7882879007, 488399.3960626393, 512208.13243824686, 482272.74381473765, 501089.04165861197, 509435.2180701426, 483545.51014049613, 477957.4770024166, 499344.2217949529, 527546.4422514287, 508692.27137251524, 431462.60993963893, 482357.0899477068, 490247.59627468337, 524851.8690408715, 468780.4871862081, 527939.5565672226, 508162.4358963162, 487793.4675382204, 446769.61310640944, 502685.9621580851, 519789.4809036839, 513971.6500045756, 529660.5052654311, 523427.6404047085]
[25.575655000000097, 25.57418400000006, 25.680511400000114, 25.82854139999995, 25.562936199999967, 25.487421799999993, 25.68155590000015, 25.763415699999996, 25.638554300000123, 25.480662200000097, 25.517865699999902, 25.550780799999984, 25.50979469999993, 25.47158740000009, 25.487644300000056, 25.55035750000002, 25.603555099999994, 25.508909700000004, 25.798359900000378, 25.713041100000282, 25.60750700000017, 25.546668899999986, 25.406070699999873, 25.53261489999977, 25.634870299999875, 25.50167799999963, 25.4511622, 25.34007270000029, 25.447067600000082, 25.687165800000002]
[2891148, 2889120, 2883972, 2887248, 2885220, 2883972, 2881788, 2884284, 2884128, 2880696, 2884440, 2888340, 2882880, 2885220, 2882412, 2887560, 2882568, 2879916, 2884284, 2884908, 2886468, 2888028, 2880228, 2887716, 2884908, 2881944, 2882412, 2881164, 2885220, 2879916]

pr226.txt
baseline
[876068.034170909, 802325.3439271121, 850699.3778417413, 880095.3290175617, 834587.3785458893, 815827.668266632, 837146.7911983411, 851122.8337061942, 871107.4190930128, 854897.2108847429, 829539.5557010177, 831585.5478241043, 885842.3341530074, 804653.6048972704, 822776.147907397, 823600.9333918568, 848008.928233628, 817149.5377404798, 845603.8258346744, 828623.7665795628, 827851.8670392717, 839863.638157614, 842149.7597727922, 853366.342304903, 793530.2571588124, 827435.7122203691, 828415.3983999448, 800052.8974950796, 836582.9282834319, 816777.3628585337]
[50.034331300000304, 49.58569280000029, 50.36199190000025, 49.8110157000001, 49.51742779999995, 49.83343560000003, 49.866820799999914, 49.7251682000001, 49.91335799999979, 49.74108769999975, 49.831413800000064, 49.3295063999999, 50.16616920000024, 49.91039520000004, 49.62280180000016, 49.74780030000011, 49.75274939999963, 49.74175860000014, 50.2881583999997, 49.24584279999999, 49.69550519999984, 49.85648050000009, 50.02121399999987, 49.8127300000001, 49.80708379999987, 49.35727009999982, 49.69897189999983, 49.33875930000022, 49.87773360000028, 49.52037210000026]
[4255460, 4250860, 4246720, 4250400, 4248330, 4249940, 4252240, 4252930, 4249250, 4262130, 4253390, 4253850, 4257300, 4247870, 4251780, 4256840, 4248560, 4254540, 4252470, 4256610, 4253390, 4258450, 4251090, 4257070, 4258910, 4253390, 4249480, 4254310, 4250400, 4250400]

mtsp51.txt
muti ch
[801.6517283636147, 694.3131073416589, 751.2070306391529, 777.4795402070014, 797.2999427249168, 794.9418381518329, 772.4651467623896, 881.7321727148891, 794.340536108336, 750.1633100898855, 762.283771651748, 724.9977295439784, 747.3811561147681, 761.0682215242941, 724.8307757058741, 728.9228728643951, 783.3562370697206, 769.1377832863179, 771.1706535521218, 695.4091074709161, 727.1600185847828, 829.9002339380822, 783.3338974970208, 733.8834593518835, 759.947428788673, 728.9690717224584, 734.7111824291445, 706.961540871815, 783.3813040202718, 752.7834035948354]
[6.140062599999965, 6.27624250000008, 6.198791700000129, 6.233351599999878, 6.22554910000008, 6.257513999999901, 6.230313000000024, 6.21610150000015, 6.146573900000021, 6.204454599999735, 6.320400199999767, 6.322045000000344, 6.313390799999979, 6.2779953999997815, 6.168112100000144, 6.19791400000031, 6.303156899999976, 6.234135799999876, 6.184519399999772, 6.168967099999918, 6.180019099999754, 6.2131899000000885, 6.291916300000139, 6.230486500000097, 6.165137199999663, 6.239436900000328, 6.394623899999715, 6.223738700000013, 6.253269100000125, 6.174117700000352]
[1016675, 1015850, 1016455, 1018105, 1018215, 1017720, 1016675, 1015410, 1017775, 1017060, 1017060, 1018765, 1017390, 1014365, 1015795, 1016620, 1017555, 1016180, 1015465, 1016840, 1016070, 1016730, 1018050, 1017555, 1017225, 1018765, 1017610, 1016950, 1016895, 1015190]

mtsp100.txt
muti ch
[72183.25068141149, 73826.21007252063, 73844.0532364976, 73856.7860305372, 74809.13387319613, 71061.37574138722, 67939.69837252605, 76347.85148619938, 69980.88795807016, 70363.8819256862, 67572.66057040573, 67963.71130660344, 64880.46826966197, 65306.62895801834, 65169.342525912056, 71079.75192073357, 74451.56417418184, 70502.88069169503, 70128.90228496134, 76077.05188535572, 65889.10714158308, 71800.08807739792, 65736.99317147266, 75023.49834214266, 72134.8309356906, 69942.37106976718, 67345.11182862826, 67448.94075675211, 63953.04423431346, 65027.87312366306]
[13.674308600000586, 13.716881700000158, 13.828025600000728, 13.72465850000026, 13.7488443000002, 13.849602299999788, 13.650180399999954, 13.694393599999785, 13.632324800000788, 13.728932999999415, 13.73587469999984, 15.235027000000628, 13.95998739999959, 13.796535000000404, 13.698233599999185, 13.71535700000004, 13.862574800000402, 13.823389600000155, 13.690002899999854, 13.73751269999957, 13.663995500000055, 13.752084300000206, 13.75214330000017, 13.759929400000146, 13.961632799999279, 13.93888969999989, 13.773938600000292, 13.811681399999543, 13.810859899999741, 13.611382900000535]
[1921608, 1921504, 1922128, 1918904, 1919008, 1922544, 1926912, 1922232, 1921608, 1920568, 1924000, 1926288, 1921088, 1923376, 1920776, 1926600, 1925144, 1922752, 1920568, 1924416, 1921088, 1922544, 1922232, 1923168, 1923272, 1921400, 1927328, 1923480, 1924728, 1921504]

mtsp150.txt
muti ch
[125280.60988685393, 133022.89003888858, 122942.71101093089, 123071.07645311576, 130193.05491103402, 121084.16421506698, 121859.07465247333, 135556.2160218567, 123132.08474765459, 121025.37550568624, 131472.93472571354, 123743.27214825912, 119854.18271244233, 126038.60265342276, 119512.86957108376, 127292.34808180685, 120842.48297262972, 119904.07450904246, 125418.49465215176, 127235.97292018113, 131866.84339450081, 124924.86990975741, 130874.91126423936, 118644.57750206417, 125551.91449943077, 115913.23290696144, 123051.1045464785, 120053.7479404228, 128549.243626726, 120789.06351012045]
[25.2179713000005, 25.15076190000036, 25.37436660000003, 25.287757600000077, 25.226609700000154, 25.254058200000145, 24.958378000000266, 24.96662219999962, 25.356729400000404, 25.00394730000062, 25.05024820000017, 25.33359610000025, 25.040229299999737, 25.140309800000068, 25.2102517000003, 24.97644869999931, 25.104700599999887, 25.15170080000007, 25.21834039999976, 25.07508609999968, 25.272108500000286, 25.233532999999625, 25.05168009999943, 25.17586889999984, 25.125121099999888, 25.03693050000038, 24.93207319999965, 25.08743030000005, 24.90197570000055, 24.996281400000044]
[2848076, 2843456, 2846536, 2841454, 2843918, 2849924, 2842840, 2845766, 2849308, 2850848, 2846690, 2848076, 2844072, 2852696, 2848076, 2849616, 2843610, 2848692, 2846844, 2846074, 2846228, 2847152, 2851156, 2848230, 2851310, 2843610, 2845766, 2849000, 2842840, 2846074]

pr76.txt
muti ch
[282178.13189579785, 276789.0516621201, 282357.49331099837, 280891.575594813, 292769.90964922553, 291070.17696266033, 274488.699059709, 298056.4669030156, 288402.7073744543, 285233.8640128022, 304819.54118601826, 281438.59573502385, 293323.2971442247, 283481.7590767682, 294477.5940071962, 276826.86861816497, 277065.0146881888, 272617.27691390977, 299515.3338718969, 291674.569881365, 288403.0765049531, 275836.44506923045, 279948.8950045179, 287397.7087042517, 290936.6719546091, 276651.2732157825, 310074.71375013195, 263603.4651849221, 282453.85889053415, 325520.1222008505]
[9.680595300000277, 9.638383599999543, 9.742394599999898, 9.733970399999635, 9.638486400000147, 9.71464769999966, 9.660355099999833, 9.789554800000587, 9.826755000000048, 9.705799499999557, 9.661969300000237, 9.747756799999479, 9.820839400000295, 9.997126999999637, 9.665252699999655, 9.69003900000007, 9.623992900000303, 9.694443500000489, 9.887407300000632, 9.671294400000079, 9.720712999999705, 9.80468110000038, 9.827703400000246, 9.828947199999675, 9.74761320000016, 10.01682560000063, 9.721723999999995, 9.942748599999504, 9.644392100000005, 9.814033599999675]
[1476960, 1478080, 1481040, 1478800, 1477760, 1478000, 1478000, 1477920, 1480960, 1478880, 1481680, 1479440, 1479200, 1478880, 1478800, 1479920, 1478000, 1480320, 1477840, 1478160, 1477040, 1478160, 1480160, 1479680, 1481760, 1478800, 1476320, 1479920, 1478800, 1482240]

pr152.txt
muti ch
[465701.57740429393, 447098.216796225, 424580.13138509553, 422728.06187198096, 459116.91577713867, 460939.0288551207, 419886.0516924526, 411203.7852692465, 414473.96348585386, 436749.2782247645, 479579.15153325594, 489276.3168550578, 480736.9380488996, 410927.4630788672, 438940.35168354097, 446743.81380349054, 468090.5698704966, 443417.5694390767, 423506.25903414306, 431964.39827509166, 435397.9759835041, 435211.93030748836, 449811.93993054866, 433431.07590000343, 407174.429552702, 460439.964679475, 441705.26497571904, 437985.4245798194, 432138.7811143183, 439633.0265203309]
[26.6412182, 27.0104381, 26.783720099999996, 26.908435799999992, 26.853372199999995, 26.62498339999999, 26.997093200000023, 26.93703529999999, 26.855403300000006, 26.653187000000003, 26.892173800000023, 27.051025400000015, 26.656536399999993, 26.612670900000012, 26.577708099999995, 26.80229159999999, 26.661186199999975, 26.783071399999983, 26.996440999999948, 26.8882933000001, 27.025602100000015, 26.742248100000097, 26.459799799999928, 26.61540519999994, 26.39035469999999, 26.216623700000014, 26.431474399999956, 26.241268200000036, 26.065419700000007, 26.440187100000003]
[2884596, 2880540, 2883660, 2885220, 2879292, 2886624, 2886624, 2885688, 2881476, 2887404, 2881476, 2888496, 2881320, 2881476, 2887716, 2876640, 2879292, 2883036, 2888184, 2887248, 2884128, 2880540, 2879604, 2883504, 2881008, 2881476, 2884128, 2885844, 2883972, 2886780]

pr226.txt
muti ch
[786137.1915510711, 772924.9065107724, 816452.9362673444, 778445.5778048929, 786782.5288436663, 774745.9282917363, 760901.3155769204, 802350.4316483893, 780799.2811678471, 767195.8224113458, 773339.8944515749, 784268.3051449074, 804929.4196733483, 745187.1983492395, 767401.6248873036, 801367.4357782669, 764386.5762038562, 756628.677049322, 775239.7760854642, 805399.6340672192, 754860.0159048928, 810342.5819885461, 794488.5648620222, 764077.0110019228, 789258.237924541, 788401.8151662712, 782117.2460358217, 736993.3726712676, 846757.5086422231, 760932.1758311752]
[51.23769070000003, 50.96368849999999, 52.03475800000001, 52.31411659999992, 52.484830099999954, 53.56564789999993, 52.52511289999984, 57.318277499999795, 64.60078729999987, 75.23088550000011, 73.64039780000007, 75.90306549999991, 84.18630819999998, 85.6009712, 76.40831830000002, 74.42113569999992, 68.3111965999999, 77.62526230000003, 82.95707079999988, 80.58791689999998, 79.39996940000037, 74.70257440000023, 83.83578239999997, 83.61212980000028, 71.88498160000017, 70.27892689999999, 71.02682130000039, 81.99635110000008, 82.27361169999995, 81.76399619999984]
[4252930, 4257070, 4266040, 4247410, 4253160, 4250860, 4252010, 4258910, 4257760, 4254540, 4254770, 4246720, 4249020, 4249710, 4252470, 4257300, 4257990, 4252010, 4252470, 4258910, 4257300, 4254310, 4247180, 4258450, 4250400, 4254770, 4253390, 4252700, 4248790, 4261210]
