
mtsp51.txt
baseline
[801.6517283636147, 694.3131073416589, 751.2070306391529, 777.4795402070014, 797.2999427249168, 794.9418381518329, 772.4651467623896, 881.7321727148891, 794.340536108336, 750.1633100898855, 762.283771651748, 724.9977295439784, 747.3811561147681, 761.0682215242941, 724.8307757058741, 728.9228728643951, 783.3562370697206, 769.1377832863179, 771.1706535521218, 695.4091074709161, 727.1600185847828, 829.9002339380822, 783.3338974970208, 733.8834593518835, 759.947428788673, 728.9690717224584, 734.7111824291445, 706.961540871815, 783.3813040202718, 752.7834035948354]
[6.476210199999514, 6.8187464000002365, 6.6525509000002785, 6.783128099999885, 6.731100099999821, 6.716051699999298, 6.766556899999159, 6.589448700000503, 6.568730699999833, 6.688489699999991, 6.630704300000616, 6.729481200000009, 6.6350038999999015, 6.584547800000109, 6.554584499999692, 6.5840306000000055, 6.6436556999997265, 6.779127299999345, 6.581109299999298, 6.683069599999726, 6.572494799999731, 6.630965899999865, 6.650192799999786, 6.61227450000024, 6.562290599999869, 6.782670399999915, 7.042390499999783, 6.793593600000349, 6.793740600000092, 6.9410540999997465]

mtsp100.txt
baseline
[72183.25068141149, 73826.21007252063, 73844.0532364976, 73856.7860305372, 74809.13387319613, 71061.37574138722, 67939.69837252605, 76347.85148619938, 69980.88795807016, 70363.8819256862, 67572.66057040573, 67963.71130660344, 64880.46826966197, 65306.62895801834, 65169.342525912056, 71079.75192073357, 74451.56417418184, 70502.88069169503, 70128.90228496134, 76077.05188535572, 65889.10714158308, 71800.08807739792, 65736.99317147266, 75023.49834214266, 72134.8309356906, 69942.37106976718, 67345.11182862826, 67448.94075675211, 63953.04423431346, 65027.87312366306]
[15.017642599999817, 14.982240100000126, 15.169611900000746, 15.206022000000303, 14.795291700000234, 15.186604700000316, 14.659399799999846, 14.624022900000455, 14.605170300000282, 14.669763400000193, 14.562991799999509, 14.539174399999865, 14.495362300000124, 14.669738300000063, 14.60017329999937, 14.500607699999819, 14.543372600000112, 14.723889500000041, 14.573060700000497, 15.352721100000053, 14.871143999999731, 14.51563139999962, 14.685547299999598, 14.47646739999982, 14.660480599999573, 14.33110680000027, 14.42437820000032, 14.517874799999845, 14.436346499999672, 14.417562600000565]

mtsp150.txt
baseline
[125280.60988685393, 133022.89003888858, 122942.71101093089, 123071.07645311576, 130193.05491103402, 121084.16421506698, 121859.07465247333, 135556.2160218567, 123132.08474765459, 121025.37550568624, 131472.93472571354, 123743.27214825912, 119854.18271244233, 126038.60265342276, 119512.86957108376, 127292.34808180685, 120842.48297262972, 119904.07450904246, 125418.49465215176, 127235.97292018113, 131866.84339450081, 124924.86990975741, 130874.91126423936, 118644.57750206417, 125551.91449943077, 115913.23290696144, 123051.1045464785, 120053.7479404228, 128549.243626726, 120789.06351012045]
[26.221334799999568, 26.853500799999892, 26.450878800000282, 26.296928099999604, 26.166900899999746, 25.96493190000001, 26.107662100000198, 26.408384000000297, 26.553336599999966, 26.87765909999962, 26.759580200000528, 26.70440740000049, 27.00962729999992, 26.76673419999952, 26.41683809999995, 26.758972100000392, 26.554446299999654, 26.96397429999979, 27.46523139999954, 27.876763899999787, 27.295295599999918, 27.11533320000035, 26.629721399999653, 26.664491800000178, 25.91989199999989, 25.982212800000525, 25.804758199999924, 26.393853399999898, 25.77094010000019, 25.848293300000478]

pr76.txt
baseline
[282178.13189579785, 276789.0516621201, 282357.49331099837, 280891.575594813, 292769.90964922553, 291070.17696266033, 274488.699059709, 298056.4669030156, 288402.7073744543, 285233.8640128022, 304819.54118601826, 281438.59573502385, 293323.2971442247, 283481.7590767682, 294477.5940071962, 276826.86861816497, 277065.0146881888, 272617.27691390977, 299515.3338718969, 291674.569881365, 288403.0765049531, 275836.44506923045, 279948.8950045179, 287397.7087042517, 290936.6719546091, 276651.2732157825, 310074.71375013195, 263603.4651849221, 282453.85889053415, 325520.1222008505]
[10.07855010000003, 9.966117799999665, 9.994890100000703, 10.015055300000313, 10.00792470000033, 10.032647199999701, 9.922261900000194, 9.928854599999795, 9.922132799999417, 10.305847799999356, 10.048643000000084, 9.948815400000058, 10.049144999999953, 10.098982299999989, 9.860538999999335, 10.008103500000288, 9.994456200000059, 10.07066130000021, 10.054974399999992, 9.987020399999892, 10.099400899999637, 10.099538800000118, 10.042482599999857, 9.987303300000349, 10.005427000000054, 10.014033899999959, 10.016075100000307, 9.967733899999985, 10.104741699999977, 10.041040400000384]

pr152.txt
baseline
[465701.57740429393, 447098.216796225, 424580.13138509553, 422728.06187198096, 459116.91577713867, 460939.0288551207, 419886.0516924526, 411203.7852692465, 414473.96348585386, 436749.2782247645, 479579.15153325594, 489276.3168550578, 480736.9380488996, 410927.4630788672, 438940.35168354097, 446743.81380349054, 468090.5698704966, 443417.5694390767, 423506.25903414306, 431964.39827509166, 435397.9759835041, 435211.93030748836, 449811.93993054866, 433431.07590000343, 407174.429552702, 460439.964679475, 441705.26497571904, 437985.4245798194, 432138.7811143183, 439633.0265203309]
[26.361029200000303, 26.4307632, 26.507416499999636, 26.570528000000195, 26.515209700000014, 26.261674800000037, 25.616350299999795, 25.50612860000001, 25.6112250999995, 25.334378700000343, 25.44950979999976, 25.718691099999887, 25.42471900000055, 25.394362600000022, 25.430404099999578, 25.329173000000083, 25.3506768999996, 26.75064409999959, 26.9927931000002, 27.163392899999963, 27.01887960000022, 26.987220699999853, 26.560369800000444, 26.95625800000016, 26.865213200000653, 27.06032200000027, 26.871965799999998, 26.82863349999934, 27.050001099999463, 27.083022900000287]


pr226.txt
baseline
[786137.1915510711, 772924.9065107724, 816452.9362673444, 778445.5778048929, 786782.5288436663, 774745.9282917363, 760901.3155769204, 802350.4316483893, 780799.2811678471, 767195.8224113458, 773339.8944515749, 784268.3051449074, 804929.4196733483, 745187.1983492395, 767401.6248873036, 801367.4357782669, 764386.5762038562, 756628.677049322, 775239.7760854642, 805399.6340672192, 754860.0159048928, 810342.5819885461, 794488.5648620222, 764077.0110019228, 789258.237924541, 788401.8151662712, 782117.2460358217, 736993.3726712676, 846757.5086422231, 760932.1758311752]
[55.75422710000021, 54.13902429999962, 54.51525820000006, 54.12929630000053, 53.97815360000004, 53.71541429999979, 54.802941900000405, 54.683975900000405, 54.66180069999973, 54.46425509999972, 55.76338390000001, 55.160816700000396, 54.7489429999996, 55.15216330000021, 54.28259059999982, 55.75610680000045, 54.62467259999994, 54.55347570000049, 54.95788540000012, 51.1218114000003, 49.82682679999925, 50.46389480000016, 50.01221420000002, 49.98233750000054, 50.11882059999971, 50.20544539999992, 56.675169500000266, 55.43260050000026, 55.861994400000185, 53.65627630000017]

